#Gene_ID	YL.RS.145.1	YL.RS.1488	YL.RS.Si051.12	YL.RS.Si062	YL.RS.Si080	YL.RS.Si214	YL.RS.Si255	YL.RS.Si268	YL.RP.112	YL.RP.1488	YL.RP.342	YL.RP.348	YL.RP.64	YL.RP.977	YL.RP.995	YL.RP.9	YL.RP.Si051	YL.RP.Si062	YL.RP.Si079	YL.RP.Si080	YL.RP.Si081	YL.RP.Si083	YL.RP.Si090	YL.RP.Si214	YL.RP.Si248	YL.RP.Si249	YL.RP.Si268	YL.RS.1489	YL.RS.1606	YL.RS.251	YL.RS.342	YL.RS.348	YL.RS.37	YL.RS.427	YL.RS.53	YL.RS.642	YL.RS.977	YL.RS.995	YL.RS.9	YL.RS.Si079	YL.RS.Si081	YL.RS.Si083	YL.RS.Si090	YL.RS.Si227	YL.RS.Si248	YL.RS.Si249
8samples_10223695	1.73373724792079e-08	6.5017576699272e-08	5.19219341776983e-08	9.22082620073408e-08	6.75156841245254e-08	1.60631225500685e-08	1.84984431984835e-08	5.42695962587851e-08	6.59611710192563e-08	2.17353439883129e-07	6.79291905038905e-08	1.99760701921421e-07	5.68189816161814e-08	9.46069470814405e-08	9.75734436886603e-08	2.40128571819423e-08	6.26900980226918e-08	6.87797029469675e-08	9.48075221881335e-08	1.41241677126142e-07	1.16825100137881e-07	6.76206556469969e-08	1.11327416427133e-07	3.43909635123423e-08	7.08849257561942e-08	1.25671981972118e-07	8.34772800153062e-08	2.47384928548975e-08	3.539939390101e-08	2.67153576880795e-08	1.90627181908169e-08	4.82982063843708e-08	0	0	2.31534533767628e-08	3.20688534125185e-08	4.99046555594184e-08	3.48652537201669e-08	0	3.47984213753635e-08	7.47056134594475e-08	5.32373783146993e-08	3.68008559682486e-08	1.30261170430379e-08	1.83599243040382e-08	5.30760128236016e-08
8samples_13447926	0	0	2.84509867279086e-07	6.87430770520677e-09	1.77650376950048e-08	1.79630617764207e-08	0	6.74317564027915e-09	2.21289089871053e-08	0	5.84337122614112e-09	0	0	0	0	6.71327190032796e-09	4.13619829534663e-07	0	1.32526643918896e-08	2.25639545639305e-08	0	1.89046994281927e-08	1.31047553009867e-08	7.69174237695397e-09	3.6031438312044e-08	0	7.77924473260919e-09	0	0	0	0	0	0	0	0	0	0	0	1.13217080304276e-08	0	0	8.50489607485211e-09	0	0	0	0
8samples_13974848	0	0	0	0	0	0	0	0	2.01763581941254e-08	0	0	0	0	0	0	0	0	0	0	0	0	0	0	0	0	0	0	0	0	0	0	0	0	0	0	0	0	0	0	0	0	0	0	0	0	0
8samples_16662688	2.99019359508726e-08	7.64566709263261e-08	2.68650803705503e-08	0	0	2.77042246303006e-08	4.78566689712012e-08	3.11997678878587e-08	1.70645815572205e-08	0	1.35182468664459e-08	0	2.09991971857955e-08	0	2.10357341285669e-08	1.55307036500124e-08	0	0	0	0	0	0	1.51584856093503e-08	1.77943293795204e-08	0	0	0	2.13333603392151e-08	2.28951303837378e-08	0	4.93164848717652e-08	0	4.28253250125055e-08	1.6291673307442e-08	5.98994813727198e-08	2.07410494707832e-08	3.22766428991263e-08	0	7.85760333455047e-08	0	6.44227512419779e-08	5.90265175344213e-08	9.52061945447225e-08	1.68497036377605e-08	0	0
8samples_16926358	0	0	2.85636030841544e-07	8.05177098972581e-09	1.04039578440519e-08	0	0	0	8.63975036020485e-09	0	0	0	1.06318353509947e-08	0	0	1.57263044516499e-08	4.26987468648259e-07	3.75372014404104e-08	3.10452843437212e-08	0	7.65101411482347e-09	5.53569599125289e-08	2.3024097789517e-08	1.80184393213279e-08	2.53218420379352e-08	0	9.11170982534829e-09	0	0	0	0	0	0	8.24842905490139e-09	0	0	0	0	1.32609426552867e-08	0	0	0	0	0	0	0
8samples_17187397	1.02915909693929e-07	0	1.84927436797282e-08	0	1.41451070687966e-08	0	0	2.14765525529439e-08	0	0	0	2.37158824198948e-08	0	0	2.89601545194654e-08	2.13813111894007e-08	0	0	0	0	0	0	0	0	0	0	2.47763616483786e-08	0	0	0	0	0	0	2.24289474986017e-08	0	0	0	0	3.60588646174576e-08	0	2.21728989719821e-08	0	5.24286167218883e-08	0	0	0
8samples_2751902	1.60274376696678e-08	2.45884653699065e-08	1.4399683078615e-08	2.55724246633692e-08	2.2028646741806e-08	1.48494644018412e-08	0	2.50846133818385e-08	3.65864628586809e-08	2.41117415977018e-08	1.449156064083e-08	5.54003013328742e-08	0	0	0	8.32445715640667e-09	0	1.58957535699658e-08	0	1.86528691061826e-08	2.42996208286794e-08	0	2.43748448598354e-08	0	5.36147802083214e-08	5.44578588545843e-08	4.82313173421769e-08	0	2.4543579771367e-08	0	0	5.58112607108284e-08	0	1.74646737855779e-08	0	1.11172025163398e-08	1.73002805939317e-08	0	1.40389179577302e-08	0	2.58979459992752e-08	0	2.04122081103885e-08	3.61257645993585e-08	0	9.19984222275762e-09
8samples_3021028	0	1.40345121974352e-08	1.84927436797282e-08	3.64903319968167e-08	5.18653925855876e-08	0	1.09808110310633e-08	5.0111955956869e-08	6.26480528402069e-08	1.54827107861956e-07	8.68501065803167e-08	1.34390000379404e-07	5.78197073197932e-08	8.23670833037807e-08	4.8266924199109e-08	8.55252447576028e-08	2.23279801176711e-08	2.72187561129552e-08	5.62784378285724e-08	4.79097665398524e-08	1.3869646591712e-07	5.01751440303059e-08	9.04317874366038e-08	2.44976726389287e-08	8.4155619619226e-08	1.21224685806438e-07	7.43290849451357e-08	9.78996673100967e-09	1.05066694226742e-08	0	2.26315375781388e-08	1.91134454489139e-08	9.82635882136258e-09	0	9.16270605473111e-09	1.9036305678664e-08	2.96237681402941e-08	8.27850773264236e-09	3.60588646174576e-08	5.78384720576817e-08	2.95638652959762e-08	3.61166819617007e-08	8.73810278698138e-09	1.54647964894514e-08	2.17971704066208e-08	3.15063089820466e-08
8samples_3021029	4.08863205858871e-08	7.31799564580551e-08	1.8366942702315e-08	9.78536658037089e-08	8.4293291103849e-08	9.47032168484764e-09	2.45387511816619e-08	5.33261338899627e-08	1.9833222850688e-07	4.76698972913747e-07	1.66357201234017e-07	2.94431873580327e-07	1.57922533938075e-07	2.56575756710663e-07	1.29434159995162e-07	1.59268950696556e-07	5.5440222741156e-08	2.12889556740614e-07	1.04804233711372e-07	2.97399061004186e-07	2.58286786019126e-07	1.04651014691781e-07	2.07269088944178e-07	7.29930654139508e-08	3.53328696100758e-07	2.63953907713547e-07	1.96862519763987e-07	1.45850524768103e-08	4.69583796646052e-08	0	7.86715353906731e-08	2.84751330157288e-08	1.46392692644789e-08	5.56909240611539e-08	1.36505620815382e-08	1.41801052504334e-08	4.41333688620706e-08	2.46665740605262e-08	3.58135662186994e-08	4.92385826263646e-08	7.70772202359379e-08	5.38064853715133e-08	5.20719594652768e-08	2.30393906883663e-08	5.41222258395686e-08	3.52034778932052e-08
8samples_3359761	9.98386898027471e-09	1.02111567150774e-08	6.27893157497746e-08	4.24791107364936e-08	4.80275728382397e-08	2.77502449369954e-08	4.79361650990604e-08	4.16687929930871e-08	1.02557568229275e-07	1.95257043669097e-07	3.15949723273909e-07	1.4954400276731e-07	1.54249916869747e-07	3.05089069657978e-07	3.37130835336235e-07	5.18550072035299e-08	1.08301830471095e-08	2.97055195452019e-08	4.0946770380257e-08	1.27812433659473e-07	2.01824093261456e-07	1.02217270164065e-07	3.03673316360075e-08	5.94129602206577e-08	1.11326370864454e-08	2.7138467867733e-08	2.04302091731813e-07	0	1.52887747745225e-08	4.61527774013333e-08	6.58645412573077e-08	2.78129206200142e-08	2.85976422840984e-08	3.26374717753739e-08	2.66662142988188e-08	1.38503353608884e-08	2.15535057233368e-08	0	8.7451731464266e-08	0	3.22648828894623e-08	0	1.27152459159396e-08	0	0	0
8samples_3669103	0	0	8.01962547695142e-08	1.58245202124809e-08	3.06710737432323e-08	1.3783537501709e-08	2.38098773841868e-08	1.55226567956921e-08	1.69801034306996e-08	0	0	0	0	0	0	0	4.84141351066333e-08	1.47547217543e-08	3.05073710011321e-08	1.73139255317288e-08	0	0	3.01668872027665e-08	0	3.31774630001989e-08	6.06585061499082e-08	0	0	0	0	0	0	0	0	0	0	0	0	2.6062347693806e-08	0	1.60259566827198e-08	0	0	5.02988677899484e-08	1.5754390491914e-08	0
8samples_533271	7.51286140765675e-08	5.91068879084291e-08	4.67297407599285e-08	7.37666096058726e-08	1.70774965726741e-07	2.67718709167809e-08	4.62461079962089e-08	9.64792822378406e-08	1.71499044650067e-07	6.78142732435363e-07	2.82167406708468e-07	1.99760701921421e-07	3.16562897575868e-07	2.71206581633463e-07	8.13112030738836e-08	1.92102857455538e-07	5.64210882204227e-08	1.71949257367418e-07	1.54062223555717e-07	6.86031003184118e-07	3.4463404540675e-07	1.77504221073367e-07	2.34373508267647e-07	3.43909635123423e-08	4.70418143654744e-07	3.92724943662867e-07	2.15649640039541e-07	4.94769857097951e-08	3.539939390101e-08	1.78102384587196e-08	1.01667830351024e-07	3.21988042562471e-08	4.13840881130463e-08	5.03788666891669e-08	6.17425423380343e-08	2.40516400593889e-08	6.23808194492731e-08	6.27574566963004e-08	5.06210984052772e-08	8.35162113008722e-08	7.47056134594475e-08	3.0421359036971e-08	2.94406847745988e-08	6.51305852151896e-08	3.05998738400638e-08	5.97105144265518e-08
8samples_5987338	0	0	0	0	2.08604609297405e-08	0	0	0	3.46462716464781e-08	4.56661772683747e-08	5.4892275154659e-08	1.04924813130444e-07	0	6.62567171479448e-08	0	0	0	0	0	0	9.2044018290452e-08	0	0	0	3.38477147779808e-08	4.12559536777154e-08	0	0	0	0	0	4.2281258114264e-08	0	0	0	0	0	0	0	0	0	0	3.8659485057554e-08	0	3.21453220138044e-08	0
8samples_5987339	0	0	0	0	0	0	0	0	0	0	0	0	0	0	0	0	0	0	0	0	0	7.20547970008984e-08	0	0	0	0	0	0	0	0	0	0	0	0	0	0	0	5.94423997852025e-08	0	0	0	0	0	0	0	0
8samples_6051614	0	0	2.70961778361034e-07	3.43715385260338e-08	3.70104951979267e-08	9.97947876467817e-09	0	0	4.91753533046785e-08	0	9.73895204356853e-09	0	4.53853616596226e-08	0	0	2.23775730010932e-08	4.20630335119996e-07	0	4.41755479729654e-08	2.50710606265894e-08	0	0	1.0920629417489e-08	2.56391412565132e-08	3.6031438312044e-08	0	1.2965407887682e-08	0	0	0	0	0	0	0	0	0	0	0	0	0	0	1.41748267914202e-08	0	0	0	0
8samples_6983666	0	4.34937477062025e-08	0	1.50780805798167e-08	9.74144166058637e-09	2.62667412768416e-08	2.26867699604043e-08	2.95809120068849e-08	1.61791551556667e-08	1.06626215791724e-07	2.56336567939209e-08	4.89979080184618e-08	1.99096161997401e-08	1.54703183906758e-08	0	0	0	1.40587443130594e-08	2.90683440671165e-08	3.29944618623511e-08	4.29828198620507e-08	0	0	0	3.16124883303782e-08	5.77972558598182e-08	1.70629660408645e-08	0	0	0	1.55858702189069e-08	0	0	0	0	0	3.06019114279453e-08	0	0	1.70709236935746e-08	4.58100459892838e-08	1.86546069566332e-08	0	0	0	0
8samples_7915315	0	0	2.47700970389019e-08	9.77539169089039e-09	5.05244191325824e-08	1.70292022956894e-08	2.94164845969769e-08	4.79445974423518e-08	1.15381620253867e-07	2.07383098604086e-07	4.81944103880814e-07	1.4824239653292e-07	1.41985397485608e-07	3.51039028926038e-07	2.71534659806364e-07	8.59175623941056e-08	4.98453378773696e-08	6.38017631822022e-08	5.65365958002631e-08	1.49736334567979e-07	2.4150999294559e-07	1.74738391503707e-07	5.59056074766866e-08	1.64066981893742e-07	5.1237366407035e-08	1.24903345996753e-08	1.43808973726674e-07	0	4.22194606158835e-08	0	8.08368070069301e-08	2.56014957389121e-08	0	8.01131825026508e-08	4.90919296877336e-08	2.54981709090362e-08	3.96795426466324e-08	0	6.439870622812e-08	0	2.96994793569669e-08	1.20941182715787e-08	7.02254866183091e-08	1.03571572819262e-08	1.94641399349641e-08	0
8samples_8657276	0	2.50902707856189e-08	0	3.91414663214834e-08	1.68586582207699e-08	4.54575440872688e-08	8.83395042539829e-08	3.83948164007731e-08	1.81998986159254e-07	1.29170044273402e-07	4.10347763043911e-07	1.69592759182268e-07	2.23962866312179e-07	3.74823714151231e-07	3.96931423985162e-07	1.01932128445796e-07	3.99169603736323e-08	1.2165117528035e-08	7.54590482721878e-08	8.56509295692056e-08	2.10762017391607e-07	1.435213915773e-07	1.24361453366506e-07	1.16788904662321e-07	2.73544796981232e-08	5.00123193562508e-08	1.18117511858392e-07	0	1.8783351865842e-08	3.78013224429968e-08	6.74327446205768e-08	0	1.75671231173747e-08	6.68291088733846e-08	4.91420234935374e-08	3.40322526010401e-08	0	1.47999444363157e-08	1.07440698656098e-07	1.47715747879093e-08	0	0	0	1.38236344130198e-08	1.29893342014964e-08	1.4081391157282e-08
Si032_11420055	0	0	1.91485147322008e-07	0	0	0	0	0	0	0	0	0	0	0	0	0	2.54317277084962e-07	0	0	2.48043472156683e-08	0	0	0	0	0	0	0	0	0	0	0	0	0	0	0	0	0	0	0	0	0	0	0	0	0	0
Si032_11746866	3.02024579202281e-08	0	0	0	1.03778172464538e-08	0	0	0	0	4.54366989906441e-08	0	3.47991842543179e-08	0	0	0	1.56867911238819e-08	0	2.99543094911416e-08	3.0967281116727e-08	5.27248184534054e-08	3.05271618450745e-08	2.20871488294211e-08	4.59324965951671e-08	0	0	2.0524318663788e-08	3.6355264328274e-08	2.1547765970765e-08	0	0	1.66040426452677e-08	2.1034394740262e-08	0	0	0	2.09495022292835e-08	0	3.64420742401744e-08	0	0	3.25351080392903e-08	0	1.92326081442103e-08	0	1.5991893866164e-08	1.73363860981613e-08
Si032_13946695	0	0	5.04661790138376e-08	0	0	0	0	0	0	0	0	0	0	0	0	2.91744993799299e-08	2.13263511030465e-07	8.35641250757549e-08	0	0	0	0	0	0	0	0	0	0	0	0	0	0	0	0	0	0	0	0	0	0	0	0	3.57690562682042e-08	0	0	0
Si032_18767234	0	0	0	0	2.00503459421778e-08	0	0	3.04424919682506e-08	0	0	0	0	0	0	0	0	0	0	0	0	0	0	0	0	3.25332404176708e-08	0	0	0	0	0	0	0	0	0	0	0	0	0	0	0	0	0	3.7158145832018e-08	3.28814604969889e-08	0	0
Si032_1898730	2.32956942873077e-08	0	0	0	0	0	0	0	2.65889991705529e-08	7.00922720863425e-08	2.10633148849273e-08	0	0	2.54240891381648e-08	3.27766089910228e-08	2.41990033616473e-08	2.52704271099222e-08	0	0	0	4.70922884276731e-08	3.40724233880216e-08	0	2.77260481029735e-08	0	3.16615458456885e-08	2.8041463571033e-08	0	0	0	0	0	0	2.53847002697352e-08	3.11105833486219e-08	0	0	8.43252648115663e-08	0	0	0	0	0	0	2.46696657315242e-08	2.67437273917372e-08
Si032_1921337	3.09808717841516e-08	0	0	0	0	0	0	0	0	0	0	3.56960704464396e-08	0	0	0	3.21821797283763e-08	0	0	0	0	0	0	0	0	3.45456058043309e-08	0	3.72922556769409e-08	0	0	4.77387834975991e-08	0	0	0	0	0	0	0	0	0	0	0	0	0	3.49153652699986e-08	0	0
Si032_27233	0	1.64361399531461e-08	2.88763698100568e-08	0	0	0	0	0	0	0	0	0	0	0	0	0	0	0	0	0	0	0	1.62933454945424e-08	0	0	0	0	0	0	0	0	0	0	0	0	0	0	1.93903015342104e-08	0	0	0	0	0	0	0	0
Si032_6140780	0	0	0	0	0	0	0	0	0	9.9361572518002e-08	0	0	0	0	0	0	0	0	0	0	0	0	0	0	0	0	0	0	0	0	0	0	0	0	0	0	0	0	0	0	0	0	0	0	0	3.7911437731144e-08
Si032_7555775	2.32956942873077e-08	0	0	0	0	0	0	0	0	0	1.05316574424637e-08	0	0	0	0	1.20995016808237e-08	0	1.15521464898008e-08	0	1.35558641760048e-08	2.35461442138365e-08	0	0	0	2.59761532017061e-08	0	0	1.66201760782257e-08	0	0	0	0	0	0	0	0	0	2.81084216038554e-08	0	0	0	0	0	0	0	0
Si032_7722446	0	0	0	1.85846109472159e-08	1.20068932095599e-08	1.6187642879914e-08	0	0	1.99417493779147e-08	1.83992214226649e-07	4.73924584910864e-08	0	0	0	0	0	0	1.73282197347011e-08	0	2.03337962640071e-08	1.76596081603774e-08	0	1.7714276787671e-08	2.07945360772302e-08	3.89642298025592e-08	4.74923187685328e-08	2.10310976782748e-08	0	0	0	0	0	0	0	0	0	0	0	3.06081060124931e-08	0	0	0	0	1.96906420418015e-08	0	2.00577955438029e-08
Si032_9640812	0	3.25244250924689e-08	1.42853998795784e-08	0	0	0	0	0	3.62960941058341e-08	2.39203785691487e-08	5.75061930191666e-08	3.66404109344406e-08	2.23324795467985e-08	3.47058994584472e-08	0	1.65167800722355e-08	1.72480692972486e-08	3.1539193591202e-08	0	0	1.60711777967456e-08	0	1.61209291401028e-08	0	1.77297553598947e-08	0	0	0	7.30463683671635e-08	0	3.49651268402991e-08	4.42946513578003e-08	2.27721966336339e-08	0	4.24684153647854e-08	0	0	0	0	0	3.42565423270835e-08	0	4.05004129174375e-08	1.79195260909517e-08	0	0
Si235_11190651	0	0	0	0	0	0	0	0	0	0	1.53512294924046e-08	0	0	0	0	0	0	1.68387220020824e-08	0	0	0	0	1.72138734885843e-08	0	0	0	0	0	0	0	0	0	0	0	0	0	0	0	0	0	0	0	0	0	0	0
Si235_11214494	0	0	0	0	0	0	1.17882236068768e-08	0	0	0	0	0	0	0	0	0	0	0	0	0	1.48894735469849e-08	0	0	0	0	0	0	0	0	0	0	0	2.10977704105727e-08	0	1.96728688822169e-08	0	0	0	0	0	0	0	0	0	0	0
Si235_12084457	0	0	0	0	9.13798952231997e-09	0	0	1.38742330651762e-08	6.07076264248022e-08	4.00084207926468e-08	1.20228655759099e-08	1.53208797933834e-08	1.86762771431191e-08	0	1.87087723886812e-08	1.38127054586394e-08	0	0	5.45353003737051e-08	1.54752785726072e-08	1.34400557680749e-08	1.94484186595346e-08	0	0	0	0	1.60059681445278e-08	0	0	0	0	0	3.80880102987328e-08	0	0	0	0	0	0	0	0	0	0	0	2.81627157466074e-08	1.52652249271421e-08
Si235_12789365	0	1.67041204958604e-08	0	0	0	4.53957811197589e-08	0	0	0	0	0	0	0	0	2.29792530426193e-08	0	0	0	0	0	0	0	0	0	0	0	0	0	0	0	0	0	2.33910063247653e-08	0	0	0	0	0	0	0	0	0	0	1.84064697347275e-08	0	0
Si235_14692153	2.14653183075907e-08	0	0	0	7.37566297158681e-09	0	0	1.11984881168922e-08	0	0	0	0	0	0	0	0	1.16424467756428e-08	3.1933433511092e-08	0	0	0	0	0	1.27737864474414e-08	0	0	0	0	0	0	0	0	0	1.16950940528423e-08	0	1.48891105129551e-08	0	2.58999027635525e-08	0	1.29251279394207e-08	1.15615830353907e-08	0	0	0	1.13656674263094e-08	0
Si235_14769236	0	0	0	0	0	0	0	4.86135918252683e-08	0	0	2.10633148849273e-08	0	0	0	0	0	0	0	0	0	0	0	0	0	0	6.33230916913771e-08	2.8041463571033e-08	0	0	0	0	0	0	0	0	0	0	0	0	0	0	0	0	0	2.46696657315242e-08	0
Si235_15426734	3.19696230113053e-08	0	0	0	0	0	0	0	0	0	1.44530192561469e-08	1.84176533686417e-08	0	0	0	0	0	0	0	1.86032604117512e-08	0	0	0	0	0	0	1.92412170248046e-08	0	0	0	0	0	0	0	0	0	0	1.92871616324327e-08	0	0	0	0	0	0	0	0
Si235_1668570	0	1.27006536001583e-08	0	0	0	0	0	0	0	0	1.12279653725439e-08	0	0	0	0	0	0	1.23159247701182e-08	2.54648303397879e-08	2.89042393174316e-08	0	0	1.25903124276009e-08	0	1.38467924091739e-08	0	0	0	0	0	0	0	1.77848973708959e-08	0	0	1.72270700149893e-08	0	0	0	0	1.33770382227661e-08	0	0	0	1.31503590056472e-08	0
Si235_17682371	0	0	0	0	4.74755317711335e-08	3.20031560384507e-08	0	1.08123333542407e-07	0	1.55894881019623e-07	3.12318117259267e-08	7.95981340989573e-08	0	0	4.85997995384131e-08	0	3.74699436457468e-08	0	0	2.41200893614429e-07	0	5.0521179506377e-08	0	4.11110368423401e-08	2.69614555645295e-07	2.34732150235278e-07	4.15787218467042e-08	0	5.28956460589805e-08	0	0	0	0	0	0	0	0	0	0	4.15981129084804e-08	3.72096925276941e-08	0	0	1.16785876937581e-07	0	0
Si235_3570215	0	1.43624213609267e-08	0	0	1.93008002994795e-08	3.903188657026e-08	1.12373720364619e-08	5.86089097706506e-08	4.80838442944111e-08	1.90133476383746e-07	1.26970449539982e-07	1.13259961837068e-07	3.94470900406066e-08	1.22605887806478e-07	0	0	1.52331079307475e-08	2.7854708358585e-08	2.87966773001339e-08	1.47087460825621e-07	7.09685187753485e-08	2.05389841918448e-08	2.84752860512095e-08	0	1.25268178056826e-07	7.63427927868005e-08	1.0142099441112e-07	2.00374085429076e-08	2.1504304706221e-08	0	0	1.95600212771595e-08	0	0	0	0	0	0	0	1.69113823506439e-08	3.02546098122373e-08	0	3.57690562682042e-08	4.74783705306989e-08	0	1.61212188482902e-08
Si235_4322246	0	0	0	0	0	1.3071711621339e-08	0	0	0	2.12251246458643e-08	1.27566554936884e-08	0	0	0	0	0	0	0	0	1.64197791427663e-08	1.4260340861901e-08	0	0	1.67918319496883e-08	1.57320364461037e-08	0	1.69828582190764e-08	0	0	0	0	0	0	1.5373832557727e-08	3.76832418025562e-08	0	0	3.40468205342475e-08	2.47164048551588e-08	0	0	0	0	0	0	0
Si235_6365515	1.59002357834006e-08	0	0	1.69129792747151e-08	1.09269081060546e-08	0	0	0	0	0	0	0	0	0	0	0	1.72480692972486e-08	1.5769596795601e-08	0	0	0	0	0	0	0	0	0	0	0	0	0	0	2.27721966336339e-08	0	0	0	0	0	0	0	0	0	0	0	1.68380258167547e-08	0
Si235_7490382	2.78254126209509e-08	1.42294359779552e-08	2.49994497892621e-08	0	0	0	1.11333222953836e-08	2.90331173400908e-08	0	0	0	1.60301797838178e-08	0	1.51838310130707e-08	3.91498385170551e-08	0	0	0	0	0	0	0	0	1.65586120614981e-08	0	0	0	1.98518769823252e-08	4.26103815475121e-08	0	3.05944859852617e-08	0	0	1.51603071055363e-08	0	5.79020964392697e-08	0	3.35739480268274e-08	0	0	0	1.83091512722511e-08	0	1.56795853295827e-08	1.47332725896603e-08	0
Si235_9485962	0	1.77662322036896e-08	0	0	0	1.60940726898567e-08	0	0	0	2.61326679165843e-08	1.57061712147724e-08	4.00291194601693e-08	0	3.79156936280147e-08	0	0	0	0	0	2.02162598694175e-08	1.75575295004908e-08	0	0	0	0	0	0	0	0	0	0	0	0	0	0	2.40979823331064e-08	3.75006082238404e-08	0	0	0	0	0	0	0	0	1.99418545290988e-08
YL4samples_1550144	2.03050308315047e-08	0	0	0	0	0	0	0	0	0	9.17962033836362e-09	2.33953975223286e-08	0	1.108009290143e-08	4.28532016200198e-08	1.05461872758531e-08	1.10131253283108e-08	3.0207301969952e-08	0	0	0	0	0	0	3.39620651657442e-08	0	1.22207729752138e-08	0	0	0	0	0	0	1.10629268067428e-08	0	0	0	1.22499540097884e-08	0	0	1.09366326010453e-08	0	0	0	0	0
YL4samples_1980235	0	0	0	0	0	2.26363786613432e-08	0	2.5492493274226e-08	0	0	2.20907936598018e-08	2.81505596203629e-08	0	5.33285772166386e-08	3.43754679661947e-08	0	2.65031308713819e-08	9.6925326646133e-08	0	5.68685033725078e-08	4.93894732290231e-08	0	2.47711838006457e-08	2.90785382543381e-08	0	0	0	0	0	0	0	0	3.49914240955838e-08	0	0	6.77878202215841e-08	0	1.47397820605583e-07	0	2.9423055471852e-08	0	0	0	2.75348815543891e-08	0	0
YL4samples_3315949	1.08488973395766e-08	0	9.74707789617444e-09	2.30798056528602e-08	0	0	0	1.13197713816961e-08	0	0	9.80926938684343e-09	0	1.52376846005232e-08	1.18400992737302e-08	3.05283939338768e-08	1.12695719626445e-08	0	1.07597609905004e-08	0	2.5252079114868e-08	0	3.17353257549083e-08	1.09994787273626e-08	0	1.20971977004336e-08	2.94898152642153e-08	0	0	0	0	1.19285360520154e-08	0	0	0	1.44883222092861e-08	0	2.34209574827596e-08	3.9270610688419e-08	0	0	0	0	1.38169278725554e-08	0	0	1.24546600488596e-08
YL4samples_3990038	6.62899535969714e-08	0	1.9852504244414e-08	0	7.592594235457e-09	0	0	2.30557108288956e-08	2.52204477426568e-08	1.66211454028275e-08	4.99479341940372e-08	5.09193946074212e-08	4.65533672905687e-08	3.61732444723154e-08	9.326873293769e-08	1.14767332119577e-08	1.19848716808087e-08	3.28726521437712e-08	0	1.67155766346764e-07	3.3501315480716e-08	1.61593478568191e-08	1.00815075247481e-07	2.62989720976735e-08	8.62370086071347e-08	3.00319074565722e-08	6.64953823651337e-08	0	1.69188279673945e-08	0	1.21478106117951e-08	0	0	0	1.47546516616626e-08	1.5327025528042e-08	0	9.33158261333878e-08	1.93551258608412e-08	1.33052787611684e-08	3.57048887857653e-08	1.45396201279641e-08	0	0	0	1.26836060056401e-08
YLrefSI_10366106	0	0	0	0	0	0	0	0	0	0	0	2.81505596203629e-08	0	0	0	0	0	0	0	0	0	0	0	0	0	0	0	0	0	0	0	0	0	0	0	0	0	0	0	2.9423055471852e-08	0	3.21526558927335e-08	0	0	0	0
YLrefSI_10432380	6.13294808788306e-08	3.13628384820236e-08	0	0	1.05366613879811e-08	0	1.22693755908309e-08	0	1.74999025153129e-08	2.30660793345361e-08	5.54524004113392e-08	3.53318248296392e-08	6.46046729746669e-08	1.67332015246085e-08	8.62894399967744e-08	4.77806852089669e-08	3.32641336446936e-08	9.12383814602634e-08	0	5.35318309807535e-08	1.54972071611475e-08	8.97008697358122e-08	7.77259083540669e-08	1.82482663534877e-08	3.4193099622654e-08	8.33538655937514e-08	7.38234449114953e-08	0	0	0	3.37163723102885e-08	2.13563497617966e-08	4.39178077934369e-08	5.01218316550385e-08	0	0	3.3100026646553e-08	7.39997221815786e-08	2.68601746640245e-08	3.69289369697735e-08	4.95496415802458e-08	2.01774320143175e-08	1.95269847994788e-08	1.72795430162748e-08	1.62366677518705e-08	1.76017389466025e-08
YLrefSI_10754908	9.07898659535563e-09	9.28567423334842e-09	0	0	0	2.52351169970865e-08	2.90609983782823e-08	1.89460826146816e-08	0	0	8.20896561980554e-09	1.04607819737301e-08	0	9.90848186955675e-09	1.2773965437589e-08	0	0	0	0	0	0	0	0	1.08056199555396e-08	1.01236367462843e-08	1.23393940002835e-08	0	1.29546991787984e-08	1.39030852179194e-08	0	0	1.26460560523026e-08	1.30028554796279e-08	0	0	0	3.92000315572471e-08	0	0	0	0	0	0	1.02319952603924e-08	0	1.04227819744233e-08
YLrefSI_10796163	0	0	0	0	0	0	0	0	0	0	0	0	0	0	0	0	0	0	0	0	0	2.63194168685917e-08	0	0	0	0	0	0	0	0	0	0	0	0	0	0	0	0	0	0	0	0	0	0	0	0
YLrefSI_10814223	0	2.1644775853791e-08	6.33788867896786e-09	2.25109372036701e-08	0	0	5.64506482582832e-09	7.36050862143147e-09	0	0	0	8.12797848193577e-09	0	0	0	7.32786721514672e-09	0	0	1.44659364841049e-08	8.20988957138316e-09	0	0	1.43044864200912e-08	0	7.86601822305186e-09	0	1.69828582190764e-08	2.01314808834847e-08	0	0	1.55126971192877e-08	9.82592618148389e-09	0	0	0	0	1.52291202411371e-08	0	0	1.69907785119146e-08	7.59916255847275e-09	0	8.98424652745973e-09	1.59004245595768e-08	0	0
YLrefSI_11131818	2.06539145227677e-08	3.16861667137971e-08	0	0	1.41937156841533e-08	2.87038616014971e-08	8.26390933265592e-09	0	5.89343796048338e-08	1.55359159779007e-08	9.33734577373069e-09	0	0	2.25409450090946e-08	8.71790218524113e-08	0	0	0	0	2.40372024564208e-08	0	0	2.09405883675561e-08	0	4.60608077391077e-08	0	0	0	3.16283244476378e-08	0	2.27093091849365e-08	0	1.47901895661747e-08	0	0	2.86525838049994e-08	2.00647584207972e-07	2.11827383426993e-07	0	1.24365492200612e-08	1.11245472505478e-08	0	0	0	2.18720747722792e-08	1.18554667819042e-08
YLrefSI_11338991	0	0	0	0	0	0	0	0	0	0	0	0	0	0	0	0	0	0	0	0	0	0	0	0	0	0	0	0	5.00208826862098e-08	0	0	0	0	0	0	0	0	3.94128955097538e-08	0	0	0	0	0	0	0	0
YLrefSI_13548350	0	0	0	0	1.03259281602216e-08	0	0	0	0	0	0	0	0	0	0	0	1.62994254858999e-08	0	0	0	0	0	1.52342780373971e-08	0	0	0	0	0	0	0	0	0	0	0	0	0	0	0	0	0	0	0	0	0	0	0
YLrefSI_13718514	0	0	2.87227720983012e-08	0	0	0	0	0	0	0	0	0	0	0	1.349419965907e-07	0	0	0	0	0	0	0	0	0	0	0	0	0	0	0	3.51511115575347e-08	0	0	0	8.53886223823878e-08	0	0	3.85743232648654e-08	0	0	0	0	0	3.602968543819e-08	0	0
YLrefSI_14600143	3.95413758297724e-08	1.34805182949049e-08	1.18418446370189e-08	0	0	0	0	0	1.50437758464971e-08	0	1.19174018427878e-08	1.51864861109853e-08	0	0	1.8544660350184e-08	2.73830827513377e-08	0	2.6144331529549e-08	2.70284602729329e-08	0	0	1.92778184958544e-08	0	0	0	1.79137693600607e-08	0	0	0	0	0	0	0	0	0	0	0	0	0	0	0	0	0	0	0	0
YLrefSI_15177568	0	0	0	0	0	0	0	0	0	0	0	0	0	0	0	0	0	1.6110561050641e-08	0	0	0	0	0	0	0	0	0	0	0	0	0	0	0	0	0	0	0	0	0	0	0	0	0	0	0	0
YLrefSI_17621148	0	0	0	0	0	2.06242561136683e-08	0	0	0	0	2.01271675567083e-08	0	0	2.42941296209131e-08	0	0	0	0	0	0	0	0	2.25693007961439e-08	0	0	0	0	0	0	0	0	0	0	0	0	0	0	0	0	2.6807672763243e-08	0	0	0	0	2.35732361434566e-08	0
YLrefSI_1818474	1.84364697120411e-08	0	3.31281052422124e-08	0	1.26698505033393e-08	0	0	0	2.10428275644253e-08	0	3.33394800019095e-08	2.12424468300898e-08	0	2.01209049007562e-08	2.59397703057788e-08	0	0	3.65699852069766e-08	0	0	0	0	0	0	2.05578144970557e-08	0	0	0	0	0	2.02711931681488e-08	0	0	0	0	0	0	0	0	0	0	2.42624335877682e-08	0	0	3.90476917713697e-08	0
YLrefSI_18508844	0	0	0	0	0	0	0	0	0	0	0	1.33687985841878e-08	0	0	0	0	0	1.15075436076008e-08	2.37933935993386e-08	0	0	0	1.17639212643993e-08	0	0	0	0	0	0	0	0	0	0	0	0	0	0	0	0	0	0	0	0	0	0	0
YLrefSI_18524221	0	0	0	0	0	0	0	0	0	0	0	0	0	0	0	0	0	0	0	0	0	0	0	0	0	0	0	0	0	0	0	0	6.72491431837001e-08	0	6.2707269562066e-08	0	0	0	0	0	0	0	0	5.29186004873415e-08	0	0
YLrefSI_20256341	2.52533156559891e-08	0	0	0	0	0	0	0	0	0	0	0	0	0	0	0	0	0	0	0	0	0	0	0	0	0	0	0	0	0	0	0	0	0	0	0	0	0	0	0	0	0	0	0	0	0
YLrefSI_2083926	0	3.20162309503991e-08	0	0	0	0	0	0	0	0	0	0	0	0	0	0	0	0	0	3.64313849730128e-08	0	0	0	0	0	0	0	0	0	0	0	0	0	0	0	0	0	0	0	0	0	0	0	0	0	0
YLrefSI_20982224	0	2.81977813875075e-08	0	0	0	0	0	0	0	0	0	0	0	0	1.93953328433116e-08	0	0	0	0	0	0	2.01621220965816e-08	0	0	0	0	1.65933431223085e-08	0	0	6.37247064119327e-08	0	0	0	0	0	0	0	0	0	0	0	0	0	1.55357359228892e-08	0	3.16508333351753e-08
YLrefSI_24397616	5.86369670841503e-08	0	0	0	0	0	0	1.52954959645356e-08	0	4.41068443860398e-08	1.32544761958811e-08	0	6.17683702587058e-08	1.59985731649915e-08	2.06252807797168e-08	0	0	2.90775979938399e-08	0	3.41211020235046e-08	0	4.28813913859004e-08	1.48627102803874e-08	1.74471229526029e-08	0	0	1.76456039056745e-08	0	0	0	0	0	0	1.59737869990041e-08	0	0	0	1.768773847267e-08	0	1.76538332831112e-08	0	1.92915935356401e-08	0	0	1.55238384359348e-08	0
YLrefSI_25294242	0	1.49201852972734e-08	1.31065076565064e-08	1.55172479753454e-08	1.00251729710889e-08	1.35158959968214e-08	3.50213245019834e-08	1.52212459841253e-08	0	0	0	0	0	0	0	0	0	1.44682223027602e-08	0	3.39554656059149e-08	0	0	0	0	0	0	0	2.08155603309817e-08	2.23394233355889e-08	0	1.60398276039236e-08	0	6.26788130644195e-08	0	0	0	0	0	0	1.75681350632903e-08	0	0	0	1.64407302484945e-08	0	0
YLrefSI_2641723	0	0	0	0	0	0	0	4.31007102780729e-08	3.53606277629003e-08	0	9.33734577373069e-09	4.75947605952527e-08	0	1.12704725045474e-08	0	0	0	2.04842185179972e-08	0	0	0	1.51042701617004e-08	2.09405883675561e-08	0	0	5.61421225304992e-08	1.24307518923137e-08	1.47354138425507e-08	3.16283244476378e-08	0	1.13546545924683e-08	0	0	0	0	0	2.2294176023108e-08	0	0	0	5.56227362527387e-08	0	0	2.3276910179999e-08	0	0
YLrefSI_27533468	0	0	0	0	0	0	0	0	0	0	0	0	0	0	0	0	0	0	0	0	1.34997893492663e-08	0	0	0	0	0	0	0	0	0	0	0	0	0	0	0	0	0	0	0	0	0	0	0	0	0
YLrefSI_28631736	1.08882049386329e-08	0	0	0	0	1.00879513599464e-08	0	1.13607850461224e-08	0	0	1.96896204359103e-08	0	1.52928936026989e-08	1.18829981841422e-08	3.06390040568257e-08	0	0	0	0	0	0	1.59251544096188e-08	0	1.29589137872594e-08	1.21410281268844e-08	1.47983312104848e-08	1.31063362342872e-08	0	0	0	0	0	0	0	0	0	0	1.31376318365846e-08	0	0	0	0	0	0	0	0
YLrefSI_359693	0	0	0	0	0	0	0	0	0	0	0	0	0	0	0	0	0	0	0	0	0	0	0	1.55506965447113e-08	0	0	0	0	0	0	0	0	0	0	0	0	0	0	0	0	0	0	0	0	0	0
YLrefSI_4045494	0	0	0	0	0	0	0	0	0	0	0	0	0	0	0	0	0	0	0	0	0	0	0	0	0	0	0	1.95799334620193e-08	0	0	0	0	0	0	0	0	0	0	0	0	0	0	0	0	0	0
YLrefSI_4915185	9.85293299364822e-09	0	0	0	0	0	0	0	0	0	0	0	0	0	2.77257872776522e-08	0	0	0	0	0	0	0	0	0	0	1.33912767675208e-08	0	0	0	0	1.08334573324861e-08	0	0	0	0	0	0	1.18884799570405e-08	0	0	0	0	0	0	0	0
YLrefSI_6891335	0	0	1.31065076565064e-08	1.55172479753454e-08	1.00251729710889e-08	0	0	0	0	2.1946366745481e-08	0	3.36166877019868e-08	0	1.59209101884625e-08	0	0	0	1.44682223027602e-08	0	1.69777328029574e-08	2.94898311027662e-08	2.13366146458971e-08	0	1.73624281809883e-08	0	1.98268903596788e-08	0	2.08155603309817e-08	0	2.24789417440151e-08	0	0	0	0	1.9481870155205e-08	0	0	1.76018756645503e-08	2.55562826900428e-08	0	1.57147730578126e-08	1.91979450233312e-08	1.8579072916009e-08	4.93221907454833e-08	1.54484799969254e-08	3.34945711993603e-08
YLrefSI_6985543	0	0	0	0	1.29074102002769e-08	0	0	0	0	5.65118943696137e-08	0	0	0	0	0	0	0	0	0	0	0	0	0	0	0	0	0	0	0	0	0	0	0	0	0	0	0	0	0	0	0	0	0	0	0	0
YLrefSI_8372101	0	0	0	1.81622334256883e-08	2.34680185459581e-08	1.58197419053705e-08	0	0	0	0	0	0	0	0	0	0	0	0	0	0	0	0	0	0	0	0	0	0	0	0	0	2.37832076892734e-08	0	0	0	0	0	0	0	0	1.83934275563033e-08	0	0	0	0	1.9601936554171e-08
YLrefSI_8595961	0	0	1.07997623089612e-08	0	0	0	0	0	0	0	0	0	0	0	0	0	0	0	0	0	0	1.75813704682192e-08	0	0	0	0	1.4469395202653e-08	0	0	0	0	0	0	0	0	0	0	0	0	0	1.29489729996375e-08	0	0	0	1.27295475174665e-08	0
YLrefSI_8718094	0	0	0	0	1.44418575667434e-08	0	0	2.19271095995091e-08	0	0	0	0	0	0	0	0	0	0	0	0	0	0	0	0	0	0	0	0	0	0	0	0	0	0	0	0	0	0	0	0	2.2638064684681e-08	2.76557809427009e-08	0	0	2.22544537018646e-08	0
YLrefSI_9204422	0	0	0	0	1.31540486117472e-08	3.54684659279645e-08	0	1.99718259409542e-08	0	0	0	0	0	0	0	0	0	0	0	0	0	0	0	0	0	0	2.30404382207852e-08	0	0	0	0	0	0	0	0	0	0	0	0	0	2.06193837573847e-08	2.51896603490843e-08	0	0	0	0
YLrefSI_9402275	0	0	0	0	1.53355368716162e-08	6.89176875085448e-09	0	7.76132839784605e-09	0	0	0	0	0	0	0	0	0	0	0	0	0	0	0	0	0	0	0	0	1.13908940770577e-08	0	0	0	0	0	9.93382488111937e-09	0	0	0	0	8.95800946296485e-09	1.60259566827198e-08	0	0	0	7.87719524595701e-09	0
ZJK1168-1_10342705	0	0	0	0	0	0	0	0	9.37153249453914e-09	1.23523266381669e-08	7.42395524632684e-09	0	0	0	0	0	8.9067898830054e-09	1.62866327561125e-08	0	0	0	0	0	9.77229564285135e-09	9.15552940715872e-09	0	0	1.17158618256345e-08	0	0	0	0	0	8.94706648851325e-09	0	2.27811526974175e-08	0	2.97211998926013e-08	0	0	0	0	0	0	8.69504611848807e-09	0
ZJK1168-1_11259994	0	0	0	0	0	0	0	0	3.60292110609383e-08	9.49779737304431e-09	2.28333413458455e-08	7.27419922963159e-09	8.86730805534643e-09	6.89014180425056e-09	6.21791552917934e-08	0	0	6.26145755119452e-09	0	7.34750621304459e-09	1.27624058974157e-08	9.2339130610395e-09	1.28019143171405e-08	7.51399202790671e-09	4.22385348279844e-08	0	1.5198944540602e-08	1.80168295301775e-08	9.667901695654e-09	0	4.16496363832975e-08	8.79379107838684e-09	9.04190160453111e-09	0	8.43122952095006e-09	8.75830030173827e-09	1.3629422736816e-07	1.21881895357894e-07	0	1.52060328699068e-08	1.36018623945773e-08	8.30835435883662e-09	0	2.84604237915114e-08	3.34284336067924e-08	0
ZJK1168-1_12108500	0	0	0	0	0	0	0	0	0	0	0	0	0	0	0	0	0	0	0	0	0	0	0	0	0	0	4.95527232967571e-08	0	0	0	0	0	0	0	0	0	0	0	0	0	0	0	0	0	0	0
ZJK1168-1_17637857	0	0	0	0	0	0	0	0	0	0	0	0	0	0	0	0	0	3.59090818598625e-08	0	0	5.48937217515347e-08	2.64779675726193e-08	0	0	0	1.2302227150885e-07	2.17912578353209e-08	2.58313580010978e-08	0	0	0	0	0	0	0	0	0	0	3.17144230972821e-08	0	0	0	0	0	0	4.15655522112543e-08
ZJK1168-1_1806463	0	0	0	0	0	0	0	0	0	0	0	0	0	2.87693640247655e-08	1.11267962101104e-07	0	2.85954833085962e-08	0	0	0	0	0	0	0	5.8788136193335e-08	0	0	0	0	0	2.89842498807742e-08	0	0	0	0	0	0	3.18068981306785e-08	0	0	0	0	0	2.97086879928934e-08	5.58313487608181e-08	0
ZJK1168-1_19413592	0	0	0	0	0	0	0	0	0	0	9.27360962510454e-09	0	0	0	0	0	1.1125887703686e-08	1.01721972504048e-08	0	0	0	0	0	0	0	0	0	0	0	0	0	0	0	0	0	0	0	0	0	0	1.10486117744348e-08	1.34975313133319e-08	0	1.15590117105456e-08	0	0
ZJK1168-1_2607421	0	0	0	0	0	0	0	0	4.17441893671561e-08	9.1702871188014e-09	1.65344885607847e-08	0	8.56153881205862e-09	1.99576521226568e-08	1.02917222551934e-07	1.26639814752637e-08	1.98370289889248e-08	1.20910904436859e-08	1.24999775704436e-08	7.09414392983616e-09	1.23223229354357e-08	8.91550226583124e-09	3.09011724896492e-08	0	1.01955084067548e-07	0	0	8.69777977318912e-09	0	9.39282352792518e-09	2.68089613501685e-08	0	4.36505594701501e-08	0	8.1404974685035e-09	9.30191894115651e-08	1.44753869066873e-07	2.20648258837567e-07	1.06786901301193e-08	1.46816869088754e-08	6.56641632841661e-09	3.20874375237828e-08	1.5526527467334e-08	2.06092724007496e-08	4.51860205995262e-08	0
ZJK1168-1_2607422	0	0	0	0	0	0	0	0	4.58203554408574e-08	1.72555402655309e-08	1.037086877922e-08	6.60786036890199e-09	0	1.87769513291409e-08	4.03452534336063e-08	1.19147764643226e-08	6.22115476561064e-09	5.68788892055075e-09	0	4.00467132527774e-08	1.15933305480341e-08	0	3.48876596276269e-08	0	5.11591414201541e-08	0	0	1.63664329319933e-08	2.63468771400648e-08	0	3.78344025161252e-08	0	0	0	1.53178063052375e-08	3.97800662559868e-08	1.98094815961051e-07	2.62953211263549e-07	0	1.38131138283886e-08	1.23558902668298e-08	1.50945674610925e-08	2.19119600421633e-08	1.29266810350758e-08	2.42930296134857e-08	1.3167713105092e-08
ZJK1168-1_4084907	0	0	0	0	0	0	0	0	0	0	0	0	1.44055926086857e-08	0	0	0	1.1125887703686e-08	0	0	1.19365629945708e-08	1.03667324354434e-08	0	0	1.22070314173502e-08	1.14365998737887e-08	0	0	0	0	0	0	0	0	0	0	0	0	3.71261404801777e-08	0	0	0	0	0	0	0	0
ZJK1168-1_4971928	0	0	0	0	0	0	0	0	0	0	1.33194491184099e-08	0	0	1.60769975432514e-08	4.14527701945289e-08	0	0	0	0	0	0	0	1.49355667033305e-08	0	1.64260968775495e-08	0	0	0	2.25584372898594e-08	0	4.85912424471804e-08	0	0	0	0	0	6.36039727718078e-08	5.33233292190788e-08	0	0	0	0	1.87612206896954e-08	0	1.55999356831698e-08	0
ZJK1168-1_499535	0	0	0	0	0	0	0	0	5.43209643687993e-08	1.02283971709708e-07	3.68846283279043e-08	3.91687650826316e-08	1.90988173499769e-08	2.22604581368095e-08	1.91320477820902e-08	2.11878151605374e-08	1.47506112994569e-08	1.34862162641112e-08	0	4.74761939919804e-08	2.06161941419791e-08	9.94421406573484e-09	6.89333847846022e-09	0	4.54876528916754e-08	1.8481173819429e-08	8.18404706032413e-09	0	0	0	7.47557576110467e-09	0	0	0	0	9.43201570956428e-09	0	8.20358911062749e-09	0	8.18786385302669e-09	1.46481595018524e-08	0	0	7.6624217900223e-09	0	1.56105920069416e-08
ZJK1168-1_9603091	0	0	0	0	0	0	0	0	0	0	1.037086877922e-08	0	0	0	1.61381013734426e-08	0	1.24423095312213e-08	0	0	0	0	0	0	0	1.27897853550385e-08	0	0	0	0	0	0	0	0	0	0	0	0	0	0	0	0	0	0	0	0	0
ZJK1490-1_10674171	0	0	0	0	0	0	0	0	0	0	0	4.42023680847401e-08	0	0	1.79922662120934e-08	0	0	0	0	1.4882608329401e-08	0	0	0	1.52198306607813e-08	0	0	0	0	0	0	0	0	0	1.39345801480675e-08	0	0	0	0	0	0	0	1.68288369140691e-08	0	0	1.35420718270921e-08	0
ZJK1490-1_11389137	0	0	0	0	0	0	0	0	3.88886722562509e-08	0	3.69682669408928e-08	0	9.57106266291361e-09	2.23109353661446e-08	0	0	0	6.75839862668615e-09	1.3973897828183e-08	7.9306416267783e-09	0	0	6.90896963147261e-09	0	7.598466582812e-09	0	0	0	2.08703909620467e-08	0	3.74626359003205e-08	0	0	0	0	2.83602105008667e-08	1.61822352494259e-07	1.06888487595614e-07	1.19378554062332e-08	8.20643043772744e-09	0	0	0	2.30393906883663e-08	1.44325935572183e-08	7.82299508737893e-09
ZJK1490-1_11542518	0	0	0	0	0	0	0	0	0	0	0	0	0	2.06270911875677e-08	0	0	0	1.87449924174125e-08	3.87577920894886e-08	0	0	0	0	0	2.10749922202522e-08	2.56876692710303e-08	0	2.69685875986304e-08	0	0	0	0	0	0	0	0	0	0	0	0	0	0	0	0	0	0
ZJK1490-1_12134549	0	0	0	0	0	0	0	0	0	0	0	0	0	0	0	0	0	0	0	0	1.00245960514354e-08	0	0	0	0	1.34796680333129e-08	0	0	0	0	0	0	0	0	0	0	0	0	0	0	0	0	0	0	0	0
ZJK1490-1_12779079	0	0	0	0	0	0	0	0	0	0	0	0	0	0	0	1.70583138450956e-08	0	0	6.73496059259965e-08	3.8223092430702e-08	4.97943049768019e-08	2.40182656669661e-08	8.32474209693831e-08	1.95445912857027e-08	1.83110588143174e-08	2.23187946125345e-08	1.97669333369577e-08	0	0	0	0	0	0	0	0	0	0	1.98141332617341e-08	0	0	1.76898538246414e-08	0	0	0	1.73900922369761e-08	0
ZJK1490-1_13780207	0	0	0	0	0	0	0	0	0	0	1.62704647913511e-08	0	0	0	0	0	0	0	0	2.09425925593367e-08	0	0	0	0	0	0	2.16607712614567e-08	0	0	0	0	0	0	0	0	0	0	2.17124933347147e-08	0	0	0	0	0	0	0	0
ZJK1490-1_17177590	0	0	0	0	0	0	0	0	0	3.05469699295208e-08	1.83592406767272e-08	0	2.85191799617898e-08	0	0	2.10923745517061e-08	0	0	0	4.72623372622868e-08	0	0	1.6469489770159e-07	0	2.26413767771628e-08	0	0	0	0	0	0	0	0	0	0	0	0	0	0	2.44529447502554e-08	0	2.6721464018961e-08	0	0	0	2.33104110373926e-08
ZJK1490-1_2781345	0	0	0	0	0	0	0	0	0	3.70569799145007e-08	7.42395524632684e-09	0	1.15323459954779e-08	0	3.46572340970651e-08	0	0	8.14331637805627e-09	0	0	1.65981016589339e-08	0	8.32474209693831e-08	0	0	4.46375892250691e-08	9.88346666847888e-09	0	0	0	9.0278811104051e-09	0	1.1759413015729e-08	0	1.09652056064815e-08	0	0	0	0	0	0	0	0	0	8.69504611848807e-09	0
ZJK1490-1_3206278	0	0	0	0	0	0	0	0	0	0	0	1.85161434936077e-08	0	1.7538542774456e-08	2.26106019242885e-08	3.33868602529679e-08	0	0	0	0	1.62430620512562e-08	0	0	0	0	0	0	0	0	0	0	0	0	0	0	0	0	0	0	0	0	0	0	0	0	0
ZJK1490-1_4442172	0	0	0	0	0	0	0	0	5.83330083843763e-08	1.84528634676289e-07	6.46944671465625e-08	4.71090997728522e-08	0	1.11554676830723e-07	2.87631466655914e-08	2.12358600928741e-08	2.21760890964624e-08	6.08255876401753e-08	4.19216934845487e-08	9.51676995213395e-08	4.13258857630601e-08	4.48504348679062e-08	1.03634544472089e-07	1.21655109023251e-08	5.698849937109e-08	8.33538655937514e-08	1.23039074852492e-08	1.45850524768103e-08	3.130558644307e-08	3.15011020358306e-08	0	0	0	1.11381848122308e-08	0	5.67204210017336e-08	0	2.46665740605262e-08	0	0	1.10110314622768e-08	1.34516213428783e-08	0	1.15196953441832e-08	2.16488903358274e-08	3.52034778932052e-08
ZJK1490-1_4730872	0	0	0	0	0	0	0	0	0	5.51335554825498e-08	3.31361904897027e-08	4.22258394305443e-08	0	3.99964329124788e-08	0	3.80691638250305e-08	0	0	0	8.53027550587616e-08	0	0	0	0	0	0	0	5.22927491241735e-08	0	5.64714877959403e-08	0	5.10468847964894e-08	0	0	4.8942259170393e-08	0	0	0	0	0	3.94785762184072e-08	4.82289838391003e-08	0	1.23906966994751e-07	0	4.20724491894403e-08
ZJK1490-1_5036936	0	0	0	0	0	0	0	0	0	0	0	0	0	0	0	0	0	0	0	0	0	0	0	0	0	0	0	0	0	0	0	3.94890995595484e-08	0	0	0	0	0	0	0	0	0	0	0	3.19508531244326e-08	0	0
ZJK1490-1_6587635	0	0	0	0	0	0	0	0	0	0	0	0	0	0	0	0	0	0	0	2.10687527554773e-08	0	2.64779675726193e-08	0	0	0	2.46044543017701e-08	0	5.16627160021956e-08	2.77224169104296e-08	0	0	0	0	1.97266646674449e-08	0	0	0	0	0	0	3.90029307217999e-08	0	0	2.04023519951197e-08	0	0
ZJK1490-1_760475	0	0	0	0	0	0	0	0	1.47209480386323e-08	0	0	0	0	0	0	0	0	0	0	0	0	0	0	0	0	0	0	0	0	0	0	0	0	0	0	0	0	0	0	0	0	0	0	0	0	0
ZJK1490-1_7702753	0	0	0	0	0	0	0	0	1.89501706795653e-08	0	1.50119758019647e-08	1.91299383055505e-08	0	1.81199309327252e-08	7.00803739200323e-08	1.72468035008425e-08	0	8.23329777449888e-08	0	1.93227235215979e-08	3.35630121943085e-08	4.85673217354122e-08	0	0	0	4.51308222551804e-08	1.99853524898523e-08	0	2.54249790449243e-08	0	0	0	2.37787025621923e-08	1.8091858203292e-08	0	0	0	4.00661479215178e-08	0	0	0	0	2.11452432082754e-08	0	1.75822479523018e-08	1.9060446594111e-08
ZJK1490-1_8785819	0	0	0	0	0	0	0	0	7.07212555258006e-08	0	9.33734577373069e-09	0	0	0	5.81193479016075e-08	0	0	1.02421092589986e-08	0	0	0	0	2.09405883675561e-08	1.22909285404935e-08	8.06064135434386e-08	0	0	0	1.5814162223819e-08	0	2.27093091849365e-08	1.4384345544028e-08	4.43705686985238e-08	1.12530114597796e-08	0	2.86525838049994e-08	1.56059232161755e-07	1.37064777511584e-07	0	0	0	0	2.63043918948305e-08	2.3276910179999e-08	1.09360373861397e-08	1.18554667819042e-08
ZJK1490-1_9534684	0	0	0	0	0	0	0	0	0	1.61462555341753e-08	0	0	0	0	0	0	0	0	0	0	0	0	0	0	0	0	0	0	0	1.65380785688111e-08	1.18007303086009e-08	0	0	0	0	0	0	0	0	0	1.15615830353907e-08	0	0	0	0	0
ZJK1490-1_9923336	0	0	0	0	0	0	0	0	0	2.61326679165843e-08	1.57061712147724e-08	0	4.87958223623689e-08	0	0	0	0	0	0	2.02162598694175e-08	0	0	0	2.06743364467259e-08	1.93695015203473e-08	0	0	0	0	0	0	0	0	1.89284759236754e-08	0	2.40979823331064e-08	0	0	0	0	0	0	2.21230579231089e-08	1.95768233016755e-08	1.8395299880732e-08	0
ZJKref200_11737400	1.77819204914952e-08	1.81867347410551e-08	3.19519594939682e-08	0	0	0	1.42295716911412e-08	0	0	2.67511926010005e-08	0	0	2.49753765345852e-08	1.94065532474749e-08	2.50188317150411e-08	0	0	1.76358212684532e-08	0	2.06947512272735e-08	0	0	5.4086194215611e-08	0	0	0	2.14044307731554e-08	2.53728131845102e-08	0	0	0	2.4768310966344e-08	0	0	0	0	0	0	0	0	0	2.34010454130546e-08	0	0	0	0
ZJKref200_177532	0	0	0	0	0	0	0	0	0	0	0	0	0	0	0	0	0	0	0	0	0	0	0	0	0	0	0	0	0	0	0	0	0	0	1.53178063052375e-08	0	0	0	0	0	0	0	0	0	0	0
